60.2346 2 40.12496 4 60.2 True
69.2346 2 60.12496 3 45.1 True
60.2346 3 20.12496 4 84.1 True
59.2346 2 60.12496 7 59.4 True
50.2346 2 30.12496 4 95.2 True
40.2346 6 100.125 2 33.1 False
60.2346 6 110.125 9 44 False
70.2346 7 120.125 9 50.2 False
10.2346 6 100.125 5 26.2 False
40.2346 6 90.12496 7 37.1 False
13.2346 6 100.125 5 17.2 False
38.24915 2 37.2941 1 125.599 False
15.61122 1 111.1229 1 120.0496 False
31.87377 1 227.8942 1 199.0378 True
38.89787 2 213.5922 2 174.8364 False
20.26618 2 232.3264 2 214.3718 True
21.34716 1 186.8908 2 194.1762 False
36.84857 2 187.8197 2 231.4418 True
38.13211 3 178.4602 1 238.4471 False
14.34087 1 99.91768 1 135.8036 False
22.02424 1 80.90992 1 124.1399 False
29.74069 1 62.53941 1 118.3751 False
19.36756 1 39.9934 1 34.91599 False
67.59328 2 88.8091 2 25.74487 False
26.75761 3 93.85608 3 84.05164 False
51.6628 1 67.34476 1 67.97163 False
48.39218 1 74.81422 1 48.58844 False
33.82264 1 34.70156 1 62.84878 False
69.57124 2 71.85911 2 32.21437 False
175.3395 1 246.867 1 134.1002 False
170.72 1 233.2085 1 150.4832 False
118.6087 1 214.6763 1 168.3498 False
74.69921 1 194.9117 1 176.7667 False
75.90833 1 174.9368 1 180.0109 False
77.86938 5 155.0415 1 179.3893 False
18.44768 4 119.0949 1 222.3372 False
16.64508 1 37.2941 1 189.8463 True
