Best individual: 873 with fitness 4.27522
Average fitness = 0.496023101806641
Fitness standard deviation = 0.940600706887302
765 0.001495792
873 0.003063248
685 0.004649583
577 0.006222969
1023 0.006703266
3 0.007707036
767 0.007767644
1023 0.008719811
767 0.009207776
577 0.009271607
364 0.00967228
159 0.00967228
887 0.009807432
767 0.01024763
755 0.01037602
296 0.01068746
296 0.01079971
833 0.0108714
674 0.0108714
241 0.01139989
755 0.0116314
685 0.01170385
557 0.01222325
1010 0.01228012
3 0.01247955
887 0.01272763
744 0.01272763
873 0.01272763
747 0.01368022
767 0.01395247
866 0.01401678
833 0.01451914
767 0.0147279
681 0.01516001
735 0.01561581
681 0.01572741
879 0.01587956
672 0.01672775
307 0.01716003
307 0.01770403
753 0.01872787
767 0.01968876
255 0.02030563
364 0.02068052
1023 0.02072944
744 0.02172859
1021 0.02186435
879 0.02232848
747 0.02273048
887 0.02341659
767 0.02373031
1020 0.02470439
833 0.02500059
587 0.1159
833 0.02618633
577 0.3627068
895 0.02672128
767 0.2816761
579 0.3222622
879 0.1847611
687 0.2041404
1012 0.4402164
879 0.0303478
767 0.09532334
175 1.227484
557 1.566901
587 0.03272932
735 1.897565
255 0.1344648
753 2.013131
879 0.245665
685 0.4848859
753 0.03590237
753 2.083833
1023 2.0731
3 0.03747404
241 2.272295
808 2.171365
767 2.972245
175 2.042985
681 0.03949377
744 0.03973038
879 0.0399701
879 2.16741
296 3.126007
767 0.04070845
879 0.04122985
873 3.223722
873 4.27522
753 0.7065091
767 3.462182
1000 1.889691
674 0.04331442
674 1.449791
579 1.674686
681 0.827859
873 1.761255
873 0.04534541
873 0.394145
681 0.233555
