Best individual: 801 with fitness 4.8686
Average fitness = 0.415699272155762
Fitness standard deviation = 0.938252986756337
751 0.001490276
699 0.003082552
875 0.003673932
835 0.004642716
803 0.005642282
801 0.00621878
971 0.007610496
987 0.00770659
963 0.008114526
1019 0.008674666
751 0.009346382
579 0.009651716
969 0.009651716
814 0.01066884
969 0.01089818
811 0.01167498
623 0.01249831
623 0.01264304
739 0.01366638
847 0.01406013
875 0.01463426
814 0.01463426
800 0.01559481
803 0.01565055
699 0.01664307
969 0.01719415
811 0.0176111
753 0.01862768
619 0.01875599
803 0.0196505
698 0.02028261
1007 0.02063511
969 0.02063511
753 0.02074673
814 0.02074673
753 0.02147463
971 0.02162684
643 0.02162684
699 0.02186722
698 0.02267528
811 0.02267528
771 0.02287513
875 0.02287513
747 0.02317075
969 0.02321941
963 0.0234118
739 0.02355447
963 0.02365176
619 0.02374745
751 0.02449019
800 0.02467411
1003 0.2512551
847 0.0252594
801 0.02533097
715 0.02533097
875 0.02558759
875 0.09124556
814 0.3145651
751 0.390334
803 0.9397589
803 0.3779945
803 0.6465283
803 0.4477228
1019 1.541851
814 0.07652976
969 0.2257086
969 0.03159796
703 0.0316698
747 0.1067018
1007 0.3229774
699 0.03309219
747 0.6405503
715 0.03376821
803 0.03383705
739 0.5787683
827 0.9114565
699 0.03555562
971 1.390512
803 1.27085
803 1.634698
715 1.706919
827 0.03751555
699 1.383794
643 0.03811516
800 3.346066
987 3.773194
987 0.03967222
800 0.04063923
811 2.846556
698 0.0962777
801 2.049712
827 1.603343
643 1.249978
800 0.0446693
814 4.638262
801 0.04566026
801 4.8686
801 0.3925167
814 0.04765508
1019 0.04846767
