Best individual: 873 with fitness 2.319435
Average fitness = 0.324147071838379
Fitness standard deviation = 0.572353328768021
1021 0.001538902
875 0.003074283
558 0.004507409
707 0.004658973
559 0.006202913
873 0.007530499
609 0.007795581
875 0.008523729
875 0.009340074
617 0.009530563
1011 0.0105314
609 0.01089797
1019 0.01096308
733 0.01155471
783 0.01213975
1003 0.01245978
1023 0.01251468
559 0.01274656
873 0.01298747
617 0.01346746
1015 0.013788
783 0.01401967
697 0.01449931
673 0.01554738
745 0.01560369
623 0.01587541
1011 0.01608371
680 0.0161402
553 0.01619536
719 0.01635543
724 0.01635543
873 0.0165235
625 0.01719617
747 0.01751528
873 0.01851493
1001 0.0185632
873 0.01873223
873 0.01955436
875 0.01984484
617 0.02031487
587 0.02053088
579 0.02119499
681 0.02152537
579 0.02187568
1003 0.02255573
724 0.02259477
724 0.0233319
707 0.02341982
609 0.02353979
699 0.02454041
875 0.02463538
875 0.02501928
683 0.0255496
687 0.02587607
879 0.02654825
1015 0.02654825
873 0.02752366
733 0.02813947
873 0.03860799
579 0.1652427
1011 0.07214592
579 0.03055648
579 0.4032132
873 0.1671776
875 0.03159728
873 0.032372
875 0.4445646
617 0.03275281
559 0.4363572
873 0.8175716
687 0.381784
699 1.41639
873 0.6335363
683 1.140235
1001 1.610355
963 1.852882
875 1.396186
800 1.497189
681 2.057475
1001 0.03715444
873 2.319435
559 0.6532906
873 0.03910471
1021 1.951648
619 0.2483539
800 0.04066879
699 0.8571678
875 0.8157246
623 0.6973481
1001 1.398675
619 0.2381423
619 1.344329
963 1.236606
619 0.3037648
873 0.5332029
963 1.976135
963 0.04689595
875 0.6016011
875 1.32216
875 0.1399719
