Best individual: 735 with fitness 2.599514
Average fitness = 0.205653858184814
Fitness standard deviation = 0.493992795902986
1020 0.0001672859
873 0.001696114
875 0.003264588
577 0.004831202
674 0.006408577
808 0.006944159
1009 0.007943337
1023 0.007943337
745 0.008344523
767 0.008537047
1020 0.008663999
1012 0.008984369
873 0.008984369
767 0.009471972
873 0.009544537
1003 0.00967219
577 0.00984078
895 0.009952491
767 0.01027232
767 0.01027232
735 0.01056062
895 0.01061727
873 0.01091268
575 0.01097627
169 0.01097627
233 0.01103269
169 0.0110883
674 0.01165613
783 0.01199184
783 0.01216734
735 0.01268839
617 0.01283282
175 0.01283282
169 0.01331234
687 0.01422506
879 0.01427152
873 0.01580228
579 0.01593584
873 0.01598458
579 0.0169604
745 0.01738452
879 0.01798447
783 0.01850438
175 0.01855209
175 0.01859258
879 0.01867366
873 0.01894626
1012 0.01898432
729 0.01972889
745 0.01997606
1020 0.02051279
1001 0.02096849
745 0.02133697
759 0.02199343
683 0.02207311
299 0.02299347
735 0.05349867
707 0.02366501
873 0.02398427
623 0.02497729
559 0.02520039
608 0.3218355
1020 0.1713461
875 0.02697906
873 0.0271381
579 0.02763373
873 0.954565
875 0.1582519
75 0.141568
608 0.02912417
1023 0.3905743
75 0.08021633
895 0.03069955
1020 1.045673
1012 1.960791
559 0.8458314
579 0.03144445
875 1.588149
707 0.618556
879 0.03225909
873 0.03297995
873 1.257988
1023 0.03398246
745 0.03457724
735 2.599514
873 2.508187
875 0.1049117
873 0.9439492
683 0.8169405
721 0.03697228
721 0.4629854
608 0.03797807
875 1.050501
873 0.03928226
873 1.010745
875 0.0408433
1023 0.04097661
875 0.04167673
721 0.06825583
721 0.04240546
