Best individual: 1003 with fitness 0.998385
Average fitness = 0.0393712329864502
Fitness standard deviation = 0.112958276496749
715 0.001061328
737 0.002605738
905 0.004197496
963 0.004988983
995 0.005798119
811 0.007337049
963 0.007749231
1003 0.007749231
899 0.007909161
1003 0.008174271
707 0.008302349
995 0.008573796
803 0.008910101
907 0.008910101
899 0.008973943
971 0.009173607
995 0.009269422
995 0.009957798
1003 0.01048577
1003 0.01098956
931 0.01114103
675 0.01193357
995 0.0119976
771 0.01294103
675 0.01354136
995 0.01354136
899 0.01360535
649 0.0138945
995 0.01395074
1003 0.01497383
803 0.01514216
811 0.01514216
707 0.01590081
899 0.01590081
771 0.01596672
1003 0.01674146
811 0.01694941
675 0.01798979
899 0.0183018
747 0.0189826
707 0.01902917
899 0.01954964
747 0.01981359
995 0.01981359
747 0.01986209
899 0.01990985
931 0.01996597
1003 0.02018262
867 0.02067792
715 0.02098959
649 0.02107887
1003 0.02134984
995 0.02143807
715 0.021719
1003 0.02196525
963 0.02201432
899 0.02205363
811 0.0221428
995 0.02298202
899 0.02396658
899 0.02418166
899 0.02444603
1003 0.02448657
995 0.02454223
995 0.02499102
899 0.02554188
995 0.02598139
995 0.02612615
1003 0.0269738
1003 0.02718316
995 0.02769824
867 0.02798152
707 0.02812618
707 0.02833754
715 0.02846995
899 0.0289028
715 0.0289028
675 0.02895883
995 0.02926734
803 0.02998368
899 0.03082983
811 0.03096291
907 0.03196653
1003 0.03239061
899 0.03296765
707 0.03344858
1003 0.03395152
1003 0.0339849
803 0.03498166
995 0.03549806
995 0.08576676
995 0.03699049
771 0.07152566
995 0.3679647
1003 0.03823254
1003 0.474833
1003 0.998385
995 0.03998737
771 0.04022009
771 0.04099312
