Best individual: 767 with fitness 2.644714
Average fitness = 0.167665214538574
Fitness standard deviation = 0.432254814009661
168 0.000852672
833 0.00236463
685 0.003948922
591 0.005493123
1011 0.007112169
1023 0.007956993
1011 0.008620924
191 0.008965515
685 0.009917309
500 0.01023045
373 0.01098109
167 0.01180466
687 0.01193342
363 0.01285359
363 0.01297319
168 0.01337405
232 0.01397267
684 0.01397267
159 0.01424609
591 0.01477377
1021 0.01488586
1020 0.01495264
1000 0.01552586
1023 0.01576636
358 0.01594445
1021 0.01645664
579 0.01695805
169 0.01798165
833 0.01803902
879 0.01897308
307 0.0196214
767 0.01994156
255 0.02067092
169 0.02097345
232 0.02117428
168 0.02195748
257 0.0227187
687 0.02298225
169 0.02369331
168 0.02397497
1023 0.02397497
685 0.02430995
577 0.02454232
866 0.02474211
678 0.02496594
1023 0.02518248
1012 0.02518248
1011 0.0258536
360 0.02598225
167 0.02606226
168 0.02698182
767 0.02742367
767 0.02795738
1020 0.03881283
159 0.03927296
1020 0.02992636
866 0.03012165
866 0.03015867
257 0.03033527
1023 0.06060789
881 0.03093466
169 0.03097443
369 0.03163864
1023 0.03195881
610 0.388128
1023 0.03226955
680 0.03235098
767 0.03295183
879 0.03369061
879 1.309916
360 0.03494477
1023 1.836333
307 0.0359765
159 0.03641713
577 1.904704
1020 1.091014
680 0.03795056
879 0.1923015
257 0.0389445
687 0.8267869
579 0.4089057
579 0.5847623
577 0.04153544
879 0.20777
767 0.07703751
579 0.04167498
579 0.2489484
639 0.0419428
879 0.5091213
767 0.04207042
685 0.2501994
680 0.04238288
1020 0.04277615
685 1.008865
767 2.644714
1012 0.04394273
240 1.230626
577 0.04496701
577 0.04594718
879 0.04620726
