Best individual: 367 with fitness 2.943688
Average fitness = 0.284580364227295
Fitness standard deviation = 0.555664904300942
168 0.001549666
672 0.003101608
686 0.004454628
802 0.004661506
168 0.00619796
631 0.007398766
687 0.007477724
287 0.007557642
547 0.007789772
368 0.008077837
168 0.008493458
552 0.008493458
344 0.009341573
594 0.009414054
169 0.009479372
895 0.01043916
885 0.01094224
631 0.01146929
368 0.01201337
630 0.01222242
297 0.01249435
166 0.01257435
1023 0.0129001
132 0.01344344
371 0.0140278
168 0.01448447
352 0.01558785
371 0.01649192
594 0.01719692
630 0.01748531
233 0.01849208
866 0.01877236
132 0.01946785
546 0.01951752
630 0.01966
883 0.02006042
800 0.02030825
1013 0.02040341
652 0.02045184
1012 0.02045184
232 0.02145247
686 0.02189635
681 0.02248569
902 0.02345997
232 0.02345997
168 0.02446356
630 0.1642384
117 0.02514948
352 0.02548673
545 0.02640525
352 0.2066897
546 0.02656452
577 0.145514
627 0.02804479
1023 0.3861661
627 0.0282046
117 0.02845253
808 0.4362268
371 0.02893275
627 0.02897282
577 0.2355378
234 0.02951691
353 0.2609107
577 0.3701963
800 0.7546651
166 0.09185424
168 0.03175824
367 0.03187629
1023 0.3442861
577 0.1909514
297 1.830299
1013 0.8374282
681 1.893788
687 1.606029
166 1.945598
1023 0.9154297
369 0.03433382
1023 0.03438859
369 1.822882
380 0.03548424
369 1.301921
234 0.03649484
1023 1.781089
1023 0.9997407
681 0.03749334
332 0.03753339
1023 1.089482
367 2.943688
866 0.7755658
232 0.8140588
367 0.03949479
1023 0.400617
577 0.8303359
363 0.3109026
1023 0.04223235
577 0.04247414
1023 0.04339134
577 0.04346189
168 0.9837777
168 0.3799507
