Best individual: 675 with fitness 4.617314
Average fitness = 0.581945838928223
Fitness standard deviation = 1.15032428872935
779 0.000332276
969 0.001881348
803 0.003449172
971 0.004945026
971 0.005010819
795 0.006290026
579 0.006560992
1003 0.006769814
363 0.007131322
803 0.007416836
899 0.007914021
739 0.008146909
1003 0.008922542
803 0.009689757
579 0.009930025
971 0.01092265
1003 0.01127316
995 0.01197747
971 0.012802
969 0.01293265
1003 0.01394711
969 0.01438569
971 0.01490583
515 0.01596179
939 0.01694646
1003 0.01750592
779 0.01795422
707 0.01897029
978 0.01907379
1003 0.01995463
706 0.02068189
1003 0.02092999
897 0.02168189
707 0.02194582
707 0.2402354
971 0.04696873
579 0.1776506
963 0.04798524
1003 0.02443405
969 0.02489097
771 0.06491043
811 0.2675167
715 0.02535521
899 0.02554701
707 0.02558601
715 0.06413172
675 0.0263065
459 0.02635448
711 0.02661074
969 0.02661074
811 0.3250227
803 0.3572077
971 0.02694674
579 0.0271625
995 0.02745031
971 0.0276503
971 0.1679018
707 0.02813039
969 0.02813039
1003 0.02841965
579 0.690551
993 0.02854656
803 0.02871509
770 0.4050316
939 0.02964262
969 0.8477557
779 0.5101071
1003 0.03097142
995 1.886135
579 0.2000936
963 2.863382
993 0.1167089
675 0.7064816
993 3.125187
963 0.03493334
1003 0.0442921
867 0.03594625
707 3.355839
969 0.05347143
899 4.153406
707 1.912384
1003 2.706173
1003 0.03894953
1003 0.03921607
969 3.937466
803 3.892087
803 1.213825
675 4.617314
1003 1.475783
971 2.802779
867 4.493776
971 2.741894
1003 1.258704
1003 0.04294823
675 2.278142
867 0.04413515
803 0.4586958
867 1.113757
867 1.338114
1003 0.04697743
