Best individual: 899 with fitness 1.120571
Average fitness = 0.0548847150802612
Fitness standard deviation = 0.150893896682331
739 0.0004882819
897 0.002095552
1003 0.003640174
643 0.003896126
897 0.00521607
995 0.005944604
897 0.006744262
739 0.006935814
899 0.007792627
899 0.007920506
899 0.008368952
995 0.008432506
931 0.008918511
899 0.008918511
899 0.009281211
931 0.009528336
931 0.00988923
931 0.009952355
899 0.01052095
899 0.01095216
899 0.01112006
897 0.01123319
903 0.01136123
643 0.01147315
907 0.01182531
903 0.01193695
643 0.01259243
647 0.01291268
1003 0.0130249
739 0.01320142
899 0.01358572
675 0.01404828
875 0.01459342
907 0.014963
1003 0.014963
899 0.01580977
899 0.01596124
903 0.01616102
903 0.01620968
675 0.01696062
1003 0.01720159
643 0.01752145
899 0.01774462
643 0.01793641
1003 0.01813669
939 0.01893676
899 0.01915364
899 0.01928934
931 0.01946338
739 0.01967286
899 0.01985725
643 0.0199524
647 0.02032177
995 0.02088119
899 0.02092217
931 0.02092217
771 0.02092217
619 0.0214735
903 0.02194635
899 0.02241802
931 0.02294558
899 0.02393115
897 0.02400205
899 0.03329229
931 0.02521115
899 0.02553731
899 0.02594812
931 0.1048812
931 0.02711339
931 0.0279444
643 0.0283462
995 0.054329
899 0.028692
897 0.02896587
1003 0.02994587
931 0.03024448
647 0.03096167
771 0.03110495
939 0.03179612
931 0.03194175
1003 0.03239475
897 0.06941324
897 0.1984674
899 0.03394904
899 0.3564441
931 0.03493163
899 0.03596135
1003 0.03651489
647 0.03694899
931 0.03732837
1003 0.03793906
931 0.03807501
899 0.08069056
931 0.08127653
899 0.7223223
899 0.04094097
931 0.1416134
899 1.120571
931 0.1720775
899 0.6994293
