Best individual: 875 with fitness 4.772809
Average fitness = 0.527617225646973
Fitness standard deviation = 1.06782714876942
907 0.0001837159
907 0.001766996
747 0.00336566
675 0.004870309
903 0.006486353
899 0.007942287
651 0.008014829
931 0.008909409
931 0.009621806
875 0.009909727
1003 0.009981963
1003 0.0102629
995 0.01032622
907 0.01091873
739 0.01099838
771 0.01119207
907 0.01119207
899 0.01131806
939 0.0119665
899 0.01275825
939 0.01296679
1003 0.01348693
651 0.01356632
675 0.01391808
971 0.01391808
907 0.01411921
771 0.01423086
707 0.0142868
899 0.0142868
907 0.01447107
875 0.01542303
995 0.01553491
771 0.01553491
675 0.01553491
931 0.01564658
675 0.01586992
899 0.01593477
907 0.01643856
899 0.01643856
739 0.01660659
995 0.01684688
675 0.01694306
899 0.01715919
739 0.01715919
675 0.01733486
899 0.0174319
907 0.01796569
995 0.01864699
971 0.01891839
675 0.01898425
715 0.01959097
643 0.01995126
899 0.02032713
899 0.02058402
875 0.02095041
747 0.0219663
939 0.0221271
771 0.02295949
587 0.1435386
675 0.02393434
907 0.1809188
587 0.2589163
899 0.1578174
747 0.02675975
899 0.2272772
675 0.6671742
675 0.02752806
899 0.1540418
907 0.385659
931 0.02895884
899 0.7752154
931 0.02996702
899 0.2751192
899 0.5012474
875 0.04029791
651 0.3317356
899 0.4733162
643 1.63863
899 1.775751
899 0.03496446
899 1.575058
899 2.800184
995 0.1419238
675 0.03759985
875 1.721116
643 0.5683447
907 0.9638031
875 3.035794
899 1.515978
747 3.833128
899 2.810306
675 1.408804
899 2.173556
903 0.3493666
899 2.728183
899 3.119246
675 2.581679
899 4.666519
875 2.983511
875 4.772809
