Best individual: 899 with fitness 2.805384
Average fitness = 0.187271099090576
Fitness standard deviation = 0.509082011815901
899 0.001480278
643 0.003112986
739 0.004608396
971 0.005623783
647 0.006185061
971 0.007616921
647 0.007777309
643 0.008618659
643 0.009330337
875 0.009594304
1003 0.009674779
971 0.009866427
971 0.01029048
647 0.01056219
675 0.01062638
1003 0.01089031
643 0.01095374
643 0.01104274
643 0.01120991
747 0.01136987
875 0.01163398
643 0.01172225
675 0.011842
873 0.01237013
1003 0.01242633
867 0.01248957
899 0.01248957
643 0.01260357
651 0.01260357
643 0.01304954
995 0.0132347
675 0.01364271
931 0.01368271
899 0.0137549
931 0.01403448
715 0.01464331
747 0.01501042
1003 0.01561856
903 0.01581088
931 0.01649063
897 0.01662733
931 0.0171941
739 0.017644
643 0.01864297
875 0.01873804
873 0.01961941
643 0.02028301
647 0.02032405
971 0.02065121
643 0.02164428
675 0.02185876
1003 0.02241117
899 0.02263451
899 0.02304357
899 0.02342712
931 0.02362664
875 0.02468418
875 0.02468418
747 0.02500259
899 0.1667111
993 0.02504401
899 0.1145595
899 0.02601134
931 0.1225809
875 0.2407418
643 0.02701909
739 0.1037328
897 0.02772355
739 0.130505
899 0.5936776
899 0.02871623
899 0.1341686
739 1.408475
739 0.03888788
899 0.1778969
675 0.03162553
875 0.03249107
651 0.03249107
643 0.03259091
899 0.0326243
899 0.1109808
897 0.03362996
647 0.03362996
897 0.03374204
931 0.6463471
739 0.5300651
1003 0.3370114
931 0.7353545
899 0.03647529
899 1.804396
899 0.03705018
647 0.03752244
931 0.03762238
931 0.03862656
899 1.610556
931 0.03962871
899 2.805384
647 2.759595
647 0.9671338
931 1.721753
