Best individual: 987 with fitness 2.645401
Average fitness = 0.191336803436279
Fitness standard deviation = 0.516423491427177
963 0.001153142
643 0.002713924
1003 0.004249672
643 0.005849527
1003 0.005849527
971 0.006394033
969 0.006394033
803 0.006474177
770 0.006594479
867 0.006953563
803 0.007361569
1003 0.007490379
971 0.007490379
963 0.007777957
963 0.007891844
779 0.007945706
963 0.00894534
803 0.009434567
783 0.009930125
771 0.009930125
969 0.01034651
1001 0.01053878
969 0.01095428
931 0.01110664
267 0.01133048
1003 0.01147474
969 0.0117943
963 0.0119708
771 0.0119708
783 0.01206588
992 0.01269
939 0.01295559
963 0.01300302
969 0.01327446
992 0.01341022
963 0.01358637
803 0.01366599
992 0.01380278
963 0.01380278
962 0.01393073
963 0.01441079
969 0.0146183
971 0.01496231
803 0.01504257
803 0.01521087
969 0.01545063
771 0.016219
960 0.0162581
771 0.01677795
1009 0.01697056
771 0.01796979
1003 0.0182426
939 0.018363
963 0.01889866
971 0.01989111
971 0.01993838
775 0.02095503
771 0.02148344
811 0.02196988
987 0.02220761
969 0.02238754
779 0.02294748
803 0.02301153
963 0.02323542
801 0.02397172
969 0.02459079
963 0.02494249
775 0.02579083
771 0.02586746
971 0.02596721
803 0.2983242
963 0.126445
771 0.02757245
971 0.3034787
931 0.1922812
963 0.02894249
971 0.3871906
969 0.02997324
1003 0.04747351
969 0.2144725
963 0.3232302
971 1.6242
969 1.716846
803 0.03395155
867 1.903637
771 0.03495375
643 0.0355536
987 2.645401
1003 2.174855
779 1.95408
931 0.8952368
969 1.403236
971 0.038677
803 0.03895707
1009 0.03912265
971 0.1108655
803 0.04024047
803 0.04095399
803 1.39853
779 0.04194529
