Best individual: 675 with fitness 2.503721
Average fitness = 0.143053331375122
Fitness standard deviation = 0.399094060350282
803 0.0002407581
1003 0.001777468
675 0.003336288
971 0.004911834
1003 0.006488887
771 0.007953329
993 0.008040871
971 0.008952058
803 0.00965708
995 0.009872766
1003 0.009938429
995 0.0100016
961 0.0100016
675 0.01060171
899 0.01060171
969 0.01087217
993 0.01092872
771 0.01120129
1003 0.01140084
995 0.01140084
777 0.01145676
1003 0.01167285
803 0.01167285
739 0.01196038
969 0.01215247
995 0.01215247
513 0.01232061
1003 0.01276912
969 0.01296169
563 0.0139605
1003 0.01431291
867 0.01494491
1003 0.01587338
619 0.015921
563 0.01679317
675 0.0169209
1001 0.01746457
811 0.01794515
707 0.01856137
611 0.01872116
995 0.01892221
963 0.01903304
867 0.01996154
867 0.02056201
899 0.0209532
905 0.02168105
995 0.02177788
1003 0.02194509
683 0.02202498
961 0.02216205
961 0.02272123
771 0.02294608
905 0.02302541
867 0.02306476
867 0.02371327
673 0.02392188
803 0.02392188
993 0.02392188
811 0.02439442
675 0.02494655
993 0.02526568
899 0.02592192
1003 0.02685753
713 0.02692972
705 0.02795477
1003 0.02823681
811 0.02839388
803 0.02846678
707 0.0289576
1003 0.02973068
867 0.02994683
867 0.1034453
803 0.03005768
962 0.03096644
1003 0.4112476
675 0.1347272
803 0.1180933
993 0.06688855
867 0.5622453
995 0.1696154
995 0.5641291
1003 0.03536614
683 0.1626662
993 0.3205777
1003 1.410765
675 0.06506447
995 0.9383981
899 2.039334
899 0.1182858
1003 0.1789945
675 2.503721
683 0.06603626
899 1.231767
707 0.04023949
1003 1.350882
619 0.04033761
707 0.2731197
995 0.04193305
995 0.04250784
995 0.04294072
