Best individual: 643 with fitness 3.427809
Average fitness = 0.384575614929199
Fitness standard deviation = 0.780882521112108
875 0.0006167641
875 0.002184132
899 0.00374555
907 0.004935958
899 0.005288173
899 0.005968326
675 0.006880663
899 0.006952543
683 0.007976457
899 0.008385666
875 0.008729326
875 0.008928284
873 0.008928284
899 0.008992969
899 0.009139167
835 0.009296228
675 0.009368234
835 0.009936625
931 0.0100004
939 0.01012892
873 0.01053632
867 0.01092898
899 0.01092898
931 0.01143389
651 0.01156814
899 0.01195233
875 0.01206465
899 0.0129684
771 0.0131375
899 0.01329788
899 0.01369656
675 0.01377741
875 0.01437653
875 0.01449682
899 0.01468878
875 0.01501686
899 0.01565759
611 0.01565759
739 0.01596114
875 0.01620833
643 0.01624832
1011 0.01646539
899 0.01651271
739 0.01674496
873 0.01674496
875 0.01685712
675 0.01692151
891 0.01692151
899 0.01738603
907 0.01783263
971 0.01796913
899 0.01896866
899 0.01941759
899 0.01998521
873 0.0207045
651 0.02094564
675 0.0209855
875 0.0219611
647 0.02252203
675 0.02297703
899 0.02390623
707 0.02398618
899 0.04175326
899 0.06636234
931 0.1115806
899 0.02596411
675 0.3876503
647 0.4079176
875 0.2560639
611 0.3795661
899 0.1068932
587 0.1061226
647 0.09627901
739 1.287099
875 0.4926751
899 0.03198681
899 2.044349
643 0.03340292
647 0.4823266
899 0.03396294
1003 1.164473
971 0.5146386
875 0.0526077
931 0.03606562
931 2.739804
643 0.9046897
931 2.596103
647 1.617881
647 3.012286
875 1.629054
643 1.257058
643 3.427809
875 1.272855
899 2.519438
899 2.04054
971 2.865446
643 0.791896
875 0.4604619
971 1.119143
643 1.205651
