Best individual: 995 with fitness 1.381904
Average fitness = 0.0755317306518555
Fitness standard deviation = 0.199220235747212
683 0.0007464
899 0.002282848
899 0.00388263
899 0.005443609
715 0.005874907
739 0.006122383
995 0.006268465
971 0.006779445
995 0.006971541
1003 0.007931865
1003 0.008563921
995 0.008963363
899 0.009940659
963 0.010083
899 0.01014793
1003 0.01026724
899 0.01073138
715 0.01093889
971 0.01093889
995 0.01100348
1003 0.01111496
899 0.01111496
995 0.01128373
707 0.01167535
971 0.01167535
963 0.01167535
715 0.01180299
771 0.01180299
747 0.01191582
971 0.01191582
1003 0.01191582
899 0.01234834
1003 0.01255671
707 0.01261141
515 0.01296302
995 0.01312355
1003 0.01324317
739 0.01324317
995 0.01483644
707 0.01488323
1003 0.01493244
1003 0.01596349
1003 0.01636329
899 0.01651609
1003 0.01694706
707 0.01735522
995 0.01793975
747 0.01893889
995 0.01951498
899 0.01996355
899 0.0209556
899 0.02108686
899 0.02134804
715 0.02175588
707 0.02193117
899 0.02263612
899 0.02295743
899 0.02393218
771 0.02419047
771 0.02451534
899 0.02494088
1003 0.02533979
995 0.02576489
995 0.02593223
899 0.02601284
707 0.02670777
643 0.02692424
715 0.02692424
811 0.02692424
995 0.0271956
899 0.0271956
995 0.02732511
715 0.02793442
707 0.02793442
1003 0.02851756
1003 0.02872508
995 0.2031989
675 0.02896398
675 0.02994283
899 0.2100509
1003 0.1092386
995 0.03193722
1003 0.7037335
675 0.03213723
899 0.03296116
1003 0.4930829
771 0.6091173
995 0.03394017
995 0.03496458
899 0.4693577
675 0.03517611
995 0.03594873
995 0.03674181
675 0.0369411
1003 0.03794147
995 1.381904
707 0.03893926
899 0.2610969
771 0.6016441
771 0.832585
