Best individual: 771 with fitness 1.694013
Average fitness = 0.213605823516846
Fitness standard deviation = 0.44699521629037
715 0.000424114
939 0.001992688
1003 0.003568553
929 0.004984203
1003 0.005136985
675 0.006712828
747 0.006952766
995 0.007977149
747 0.008256734
899 0.008976955
899 0.009185561
1003 0.009496781
675 0.00982395
747 0.00982395
899 0.009960919
899 0.01010527
1003 0.01010527
195 0.01047253
907 0.01093672
1003 0.01139295
643 0.01139295
1003 0.01139295
675 0.01167172
1003 0.0117298
931 0.01198473
995 0.01237701
1003 0.01249679
995 0.01292823
771 0.01307262
643 0.01323337
1003 0.01335278
899 0.01345736
1003 0.01355303
931 0.01386521
899 0.01394417
747 0.01415298
899 0.01415298
995 0.01437737
747 0.01448851
1003 0.01479322
643 0.0149769
1003 0.01544856
771 0.01554476
771 0.01577771
995 0.01597717
907 0.01608839
747 0.01698511
995 0.01766461
899 0.01774493
971 0.01796852
1003 0.01896028
899 0.01922491
907 0.01967327
715 0.01997878
643 0.02076898
899 0.02096961
747 0.02198578
1003 0.02210589
899 0.04229121
675 0.08112513
875 0.02311334
899 0.02390485
899 0.0239858
675 0.2424817
995 0.4134447
1003 0.04266176
931 0.02614517
899 0.09667321
899 0.02705039
907 0.2152109
899 0.02797224
675 0.6349028
675 0.7397221
995 0.02997862
675 0.03016173
747 0.03098766
771 1.694013
971 0.03173536
1003 0.03198685
907 0.03296344
899 0.169379
995 0.03396826
1003 0.2108214
971 0.04327899
907 0.2313713
995 0.1027257
1003 0.6129335
995 0.2838873
899 0.6242527
675 1.626098
747 1.347751
747 1.327316
907 1.678445
907 1.179159
899 1.649452
899 1.622523
747 1.36753
907 0.7813065
907 0.9513943
907 0.2279271
