Best individual: 771 with fitness 1.098167
Average fitness = 0.0483005094528198
Fitness standard deviation = 0.141040205075168
963 0.001486786
963 0.0030879
811 0.004119218
995 0.004615749
974 0.005775319
987 0.005974985
995 0.006239361
489 0.006369155
803 0.006575063
867 0.006638903
736 0.007480378
1019 0.007767993
641 0.008294684
736 0.008607991
827 0.008607991
1003 0.009039203
827 0.009159222
489 0.009287306
875 0.009287306
815 0.009287306
961 0.01013644
811 0.01086324
929 0.01109567
875 0.01215121
961 0.01248011
969 0.01293631
800 0.01333665
875 0.01401667
815 0.01412802
814 0.01441562
961 0.01560869
971 0.01716031
643 0.01816801
963 0.01871988
987 0.01916831
1009 0.0201688
801 0.0201688
971 0.02031278
771 0.0208571
803 0.02113634
800 0.02187239
545 0.02212995
969 0.02317597
803 0.02343288
801 0.02397619
800 0.02415228
1003 0.02415228
489 0.02428051
867 0.02464876
619 0.02469656
800 0.02497669
814 0.02497669
1003 0.02515287
619 0.02519186
800 0.02572794
643 0.02586433
771 0.026081
771 0.026081
847 0.02616091
969 0.02648951
683 0.02656856
969 0.02664905
800 0.02716795
815 0.02760937
867 0.02789908
811 0.02789908
867 0.02812998
1009 0.02816853
971 0.02917075
969 0.02917075
847 0.02971277
811 0.03015701
995 0.03115376
771 0.03125963
643 0.03217999
683 0.03284368
971 0.03297539
875 0.03317803
643 0.03331064
489 0.03417806
1009 0.03438924
771 0.03445572
811 0.03516588
969 0.09509751
867 0.0361493
971 0.03669538
489 0.03717104
811 0.2740912
811 0.03816066
489 0.3877389
771 1.098167
969 0.8379714
815 0.04016682
969 0.04064384
815 0.04118047
771 0.04217274
811 0.04220709
803 0.04314853
803 0.0437696
803 0.04417409
