Best individual: 800 with fitness 3.844613
Average fitness = 0.381407661437988
Fitness standard deviation = 0.8083921968403
699 0.0003690419
875 0.00190524
875 0.003466218
617 0.004433515
875 0.005049783
803 0.005393563
835 0.006433715
873 0.006633869
734 0.007402942
553 0.008178148
619 0.008178148
963 0.00842598
1021 0.008490106
1001 0.009090106
875 0.009426196
553 0.009721401
1001 0.01009104
1001 0.01017047
683 0.01017047
891 0.01017047
1019 0.01041138
107 0.01083474
875 0.01083474
1003 0.01107569
875 0.01132165
687 0.01138635
619 0.01138635
873 0.01138635
969 0.01153856
619 0.01159395
891 0.01165131
803 0.01197021
875 0.01208287
899 0.01215408
1019 0.01244962
1019 0.01288973
873 0.01344231
873 0.01441102
873 0.01445814
1003 0.01544995
899 0.01544995
800 0.01594631
963 0.0159945
875 0.01643378
873 0.01653093
899 0.01653093
619 0.01717822
939 0.01745082
875 0.01757059
963 0.01840998
875 0.01914637
881 0.01944247
1021 0.02043477
875 0.02071449
175 0.0214189
680 0.0214189
875 0.02226161
875 0.04235107
971 0.02341917
963 0.1960218
1019 0.1986862
699 0.1093517
875 0.2774311
835 0.3325121
971 0.2549387
963 0.02710695
963 0.3854667
873 0.094336
875 0.3045016
1019 0.6753617
1021 0.6786196
699 0.7428082
751 1.965367
751 1.067712
989 0.2290767
989 1.941686
814 2.80657
800 3.225317
963 0.2066969
971 1.152907
1019 0.03543425
1021 0.1389016
814 0.08693522
619 0.08898585
623 0.6587948
971 0.5158238
1021 0.774201
619 1.867955
969 1.31673
619 2.952239
800 3.844613
800 0.9002052
835 3.757128
971 1.546102
814 0.04287566
1007 0.452197
814 0.0441711
814 0.04443761
814 0.5200909
1007 0.9164438
