Best individual: 706 with fitness 3.201371
Average fitness = 0.318804244995117
Fitness standard deviation = 0.689943967195213
899 0.001362988
1003 0.002938699
931 0.004489445
995 0.005417492
779 0.005689168
803 0.005985745
1003 0.006057402
995 0.00620156
931 0.006953637
971 0.007626248
777 0.007985975
969 0.008985482
963 0.009185921
971 0.009992753
971 0.01077334
969 0.01095317
971 0.01196137
1003 0.01234592
779 0.01299487
865 0.01393771
979 0.01399304
803 0.01498589
1003 0.01506591
803 0.01548176
969 0.01566571
859 0.01577805
491 0.01583424
969 0.01596391
803 0.01607421
867 0.0161933
969 0.016938
803 0.01705815
809 0.01711446
963 0.0172097
963 0.01731421
803 0.01797905
969 0.01828273
803 0.01861833
899 0.01896947
969 0.01996191
803 0.02015636
899 0.02099521
995 0.02122627
777 0.02173031
1003 0.02197773
803 0.02298691
971 0.06931344
803 0.06004072
771 0.02395473
969 0.02437938
971 0.0245547
979 0.02468205
867 0.4669361
771 0.02497024
867 0.09779084
803 0.1087708
971 0.02665821
783 0.158743
803 0.0880935
771 0.178494
969 0.1287567
1003 1.373849
795 0.02979469
1003 0.5641288
899 2.005175
491 0.6890036
969 0.717558
971 2.552126
971 2.402721
706 1.071001
971 0.03396387
1003 0.03406325
491 0.03426496
771 0.03446889
971 0.03496091
809 0.05237408
1003 0.03596238
969 0.03697961
969 0.03739296
771 0.9550649
803 0.2765879
706 3.201371
969 0.03997674
971 2.604449
1003 0.3665963
963 0.8896102
971 0.1192096
971 2.610835
706 0.8644809
771 2.490896
1003 1.065469
706 0.0436469
803 0.04396381
971 0.04496435
771 0.353223
771 0.04596341
706 1.438767
1003 0.04688919
1003 0.4591581
706 0.04798453
