Best individual: 210 with fitness 0.0659682
Average fitness = 0.0276963543891907
Fitness standard deviation = 0.0167017828727518
304 0.00152989
391 0.00310551
178 0.004619236
2 0.006194824
840 0.006627442
213 0.007770423
341 0.00838897
353 0.00845903
341 0.008754364
249 0.008947174
739 0.009258844
458 0.009330733
943 0.009634849
984 0.009634849
943 0.009977891
759 0.01004974
213 0.01011514
209 0.01011514
270 0.01089872
888 0.01095544
560 0.01197791
907 0.01251513
632 0.0129701
458 0.01346608
419 0.01406635
804 0.0143543
315 0.0143543
379 0.01496382
553 0.01528335
547 0.01562736
167 0.01602621
213 0.01618643
990 0.01655534
85 0.01666696
519 0.01683404
210 0.01683404
275 0.01718835
2 0.01797043
547 0.01829902
519 0.01877108
421 0.01897926
70 0.02030669
840 0.0209715
440 0.02186663
61 0.0219719
439 0.02220271
187 0.02275465
19 0.02298826
220 0.02345111
547 0.0239947
353 0.02496427
187 0.02500354
915 0.0259868
984 0.02659492
418 0.0269874
439 0.0279785
968 0.02813146
698 0.02854854
907 0.02896394
458 0.02971437
907 0.0299879
209 0.0309709
915 0.03126758
270 0.0319899
76 0.03283542
421 0.03297884
421 0.03398979
315 0.03439611
968 0.03499183
343 0.03597937
495 0.03698865
10 0.03752808
418 0.03797429
742 0.03879704
439 0.03897487
210 0.03911083
10 0.03997357
439 0.04067249
341 0.04099571
315 0.04221146
791 0.04299012
742 0.04379013
10 0.04534704
252 0.04691593
712 0.04699577
187 0.04799632
968 0.0484975
698 0.05005128
187 0.05162378
632 0.05317592
209 0.05473365
209 0.05631714
10 0.05699342
791 0.05787114
968 0.05944335
210 0.05998028
968 0.06099659
210 0.06399223
968 0.06570122
210 0.0659682
